%% 3 Objects UCS
dishwasher = [-0.10929 0.03984 -0.99137 0.15614;
              0.98828 0.05435 -0.1076 -0.81268;
              0.056084 -0.9978 -0.05085 0.0483;
              0 0 0 1];

mustard = [0.81628 -0.38716 -0.43504 0.033917;
    -0.40434 0.15337 -0.89925 -0.6623;
    0.4215 0.9072 -0.03131 0.050155;
    0 0 0 1];

spam = [-0.9996 -0.00164 0.0510 0.0235;
    -0.00418 0.9980 0.04377 -0.8095;
    -0.55699 0.04252 -0.99703 0.07241;
    0 0 0 1];


%% 3 Objects CS

mustard = [0.7503 0.13157 -0.6489 0.15079;
           -0.6278 0.45897 -0.63175 -0.6505;
           0.21496 0.87557 0.43382 0.03938;
           0 0 0 1];

peg = [0.9080 0.01204 0.42366 0.01028;
    0.4244 -0.06687 -0.90162 -0.72125;
    0.017351 0.99422 -0.06155 -0.011666;
    0 0 0 1];

scissors = [0.96722 0.24083 -0.01626 -0.021166;
    -0.24012 0.96684 0.0367 -0.79541;
    0.02457 -0.03163 0.99919 0.03169;
    0 0 0 1];

