block = [0.9649 -0.2233 -0.1329 0.01097;
        0.1212 -0.03732 0.98912 -0.86408;
        -0.2293 -0.975808 -0.008539 0.026131;
         0 0 0 1];

cracker_box =    [-0.37039 -0.03471 0.9220 -0.001735;
                  0.9263 -0.02266 0.3757 -0.7934;
                  0.00796 0.9966 0.05029 -0.0145;
                  0 0 0 1];

bleach = [-0.3633 -0.02276 0.9325 0.04058;
                  0.9287 -0.00928 0.36371 -0.7914;
                  0.005181 0.9939 0.0274 -0.01288;
                  0 0 0 1];

sugar_box = [0.4539 -0.0395 0.8873 0.04813;
                  0.8880 -0.0068 -0.4597 -0.782;
                  0.0256 0.9995 0.03131 -0.0105;
                  0 0 0 1];

drill = [0.8038 -0.5974 -0.01945 0.0930;
                  -0.5997 -0.8060 -0.0043 -0.6819;
                  -0.0086 0.0208 -1.002 0.0094;
                  0 0 0 1];

mustard = [0.88022 -0.391489 0.28198 0.04581;
            0.2504  -0.12227 -0.95919 -0.7345;
            0.40410  0.9196 -0.00596 0.0470;
            0 0 0 1];

rubik = [-0.4944 0.009898 -0.8681 0.00569;
         -0.86622 0.0669 0.49200 -0.7206;
         0.06419 0.9997 -0.01954 -0.01423;
         0 0 0 1];

scissors = [0.9874 0.1319 -0.03607 0.001451;
            0.1314 -0.98734 -0.04706 -0.7248;
            -0.04523 0.03793 -0.9994 0.00427;
            0 0 0 1];

can = [0.9981 0.060205 -0.0002586 0.07308;
        -0.003572 0.05515 -1.000 -0.7145;
        -0.059991 0.99846 0.055267 0.036144;
        0 0 0 1];

timer = [0.9072 0.01060 0.41706 0.04243;
    0.4254 0.02879 -0.9112 -0.7707;
    -0.01912 0.9970 0.02568 -0.01350;
    0 0 0 1];

wrench = [-0.26806 -0.9678 -0.00200 0.04898;
    0.9676 -0.26805 0.01828 -0.7383;
    -0.01823 0.002959 0.99983 -0.007952
    0 0 0 1];

nine_hole = [-0.1676 0.9825 0.01378 -0.01030;
    -0.98267 -0.16773 0.002509 -0.71317;
    0.004779 -0.013129 0.99990 -0.01007;
    0 0 0 1];

hammer = [0.4483 0.00433 0.89025 0.04529;
    -0.8922 0.02012 0.4514 -0.7953;
    -0.01563 -0.9979 0.01497 0.02933;
    0 0 0 1];






        