%% 5 objects UCS

domino = [0.9837 0.1697 0.03697 0.1121;
    0.17511 -0.9349 -0.07509 -0.8282;
    0.02230 0.07891 -0.9919 0.03990;
    0 0 0 1];


drill = [0.67508 0.015895 0.73305 -0.0594;
    0.7364 0.0021688 -0.68310 -0.6257;
    -0.00725 0.99641 -0.01030 -0.00911;
    0 0 0 1];

mustard =[0.8975 -0.39358 0.18302 0.14041;
    0.16418 -0.09213 -0.98295 -0.61798;
    0.40491 0.913015 -0.02600 0.05026;
    0 0 0 1];


peg = [0.3716 -0.13035 -0.9217 0.018378;
    -0.92155 -0.006475 -0.3616 -0.7437;
    0.00048244 0.99467 -0.010951 -0.01033;
    0 0 0 1];

timer = [-0.89024 0.00344 -0.45316 0.07956;
    -0.4487 -0.02898 0.89533 -0.56447;
    -0.0129 0.9944 0.033297 -0.01267;
    0 0 0 1];

%% 5 objects CS

domino =[-1.000 -0.05880 0.003879 -0.01472;
    0.058587 -0.9992 -0.04173 -0.80797;
    0.00633 -0.04151 0.999 0.0382;
    0 0 0 1];


drill = [0.9319 0.33058 0.15107 -0.0627;
    0.3624 -0.90445 -0.23041 -0.5616;
    0.06082 0.269 -0.95988 0.00749;
    0 0 0 1];

mustard = [0.2972 0.95488 -0.0159 0.14106;
    -0.9548 0.2974 0.016118 -0.7411;
    0.02012 0.010418 0.9997 -0.0072;
    0 0 0 1];

peg = [0.29997 -0.03349 -0.9548 0.01871;
    -0.9544 0.0552 -0.3025 -0.7521;
    0.068355 0.9972 -0.1652 -0.01615;
    0 0 0 1];

timer = [0.02973 0.6290 -0.78147 0.04079;
    -0.04072 0.7811 0.6264 -0.6441;
    1.000 0.00580 0.04380 0.030316;
    0 0 0 1];
